1:  17 11 13 5 4 16 13 11 19 10 7 9 12 6 10 6 15 6 15 7 
2:  5 7 5 15 4 9 8 7 6 12 11 6 6 7 10 13 14 12 17 18 
3:  7 8 8 15 9 10 6 5 4 6 14 3 11 16 13 8 10 7 18 14 
4:  9 17 9 8 14 6 10 19 17 7 14 9 8 6 6 16 8 12 10 11 
5:  7 16 5 10 10 4 8 10 3 3 10 4 10 4 6 12 6 14 6 13 
6:  16 13 7 2 9 9 13 4 13 15 5 7 11 5 8 12 15 9 13 13 
7:  13 5 14 6 8 13 11 7 7 8 7 16 5 9 12 13 13 4 10 18 
8:  10 11 10 11 7 18 11 10 9 15 7 9 4 3 6 11 9 2 6 13 
9:  19 18 11 9 15 4 20 16 9 9 13 8 14 11 10 11 19 3 5 15 
10:  5 6 16 13 17 10 13 8 6 6 5 10 8 10 8 9 16 4 12 14 
11:  5 11 17 8 11 8 7 5 3 14 6 12 11 6 17 9 11 10 5 11 
12:  7 18 6 13 16 12 7 11 12 8 10 10 8 5 7 10 12 13 4 6 
13:  7 7 11 8 13 16 8 11 13 9 7 6 7 6 8 18 8 7 6 16 
14:  8 15 4 12 13 15 5 15 12 6 8 7 11 12 12 4 5 4 7 11 
15:  12 19 8 10 12 9 8 3 3 9 12 11 13 9 9 6 10 8 4 4 
16:  5 9 6 7 6 3 3 5 9 7 9 11 14 10 4 8 8 7 5 19 
17:  19 5 16 7 4 10 4 19 4 7 7 7 9 7 3 6 6 5 12 12 
18:  5 6 15 11 10 13 9 9 16 3 13 16 13 11 15 12 17 15 16 16 
19:  9 8 18 18 5 12 14 9 18 12 12 6 17 4 11 19 7 12 11 9 
20:  9 14 12 13 6 8 7 5 10 6 8 6 10 16 10 3 9 6 9 3 
21:  6 10 17 10 6 12 15 4 14 14 4 12 10 4 5 9 12 9 3 14 
22:  7 8 11 7 14 9 7 15 12 3 9 15 17 14 12 13 9 11 5 19 
23:  10 16 3 3 12 13 7 2 2 5 15 15 7 8 13 4 7 6 7 6 
24:  20 10 7 6 15 8 8 11 5 13 7 14 5 9 16 7 5 18 6 10 
25:  11 15 4 8 14 6 11 19 9 9 11 14 5 13 6 9 12 6 10 19 
26:  8 16 4 11 8 11 6 17 13 3 7 11 16 18 15 2 6 12 11 6 
27:  14 4 20 5 10 10 6 4 8 5 8 7 4 5 5 11 6 4 16 8 
28:  10 10 14 11 9 11 13 7 20 11 8 6 8 6 12 5 15 18 18 7 
29:  11 10 8 16 6 7 16 5 15 15 10 7 11 11 11 10 4 9 10 7 
30:  12 7 8 8 18 4 10 16 6 8 10 9 8 8 7 11 10 3 6 6 
31:  7 10 3 16 5 7 19 5 6 7 11 11 8 15 6 6 13 7 9 2 
32:  9 13 15 19 7 8 5 9 4 19 10 11 5 14 17 16 18 18 5 9 
33:  7 6 16 16 7 5 20 17 6 6 12 17 3 9 4 3 13 12 5 3 
34:  14 6 7 9 9 8 6 4 7 3 10 14 15 9 7 6 9 11 3 11 
35:  14 12 6 5 16 6 8 11 6 7 6 11 10 5 16 11 8 6 17 12 
36:  15 5 2 3 7 8 5 12 2 9 7 13 10 11 14 9 11 9 10 9 
37:  6 5 18 7 7 11 9 9 8 18 6 6 10 10 2 7 10 3 14 7 
38:  19 4 11 2 14 16 13 13 8 13 10 7 14 10 13 9 12 15 8 7 
39:  6 10 10 12 9 4 3 6 13 7 15 9 13 12 9 8 13 7 8 4 
40:  12 15 12 16 7 16 13 13 19 20 3 5 6 19 9 5 12 11 16 7 
41:  10 4 9 11 11 4 4 8 5 16 7 12 6 11 11 12 6 13 11 16 
42:  14 17 13 10 6 7 8 9 12 3 8 15 12 5 13 18 15 5 8 7 
43:  4 11 10 18 9 15 10 10 10 8 7 11 6 14 19 17 18 9 8 4 
44:  4 7 7 16 10 16 17 10 2 14 7 12 9 10 14 15 8 7 11 10 
45:  16 6 13 15 3 19 6 16 4 4 15 10 6 6 14 6 11 2 7 6 
46:  13 5 11 9 5 8 11 10 11 10 13 8 13 7 19 7 15 11 10 12 
47:  3 5 7 18 10 9 5 3 7 9 7 7 20 6 11 14 8 7 12 13 
48:  11 7 6 12 5 13 12 4 8 5 13 6 19 9 16 16 8 11 4 15 
49:  7 6 16 15 6 15 8 9 8 3 9 2 3 10 9 11 9 6 8 7 
50:  15 17 5 18 15 18 19 14 6 15 7 6 9 5 5 7 6 18 8 11 
51:  15 8 21 5 20 8 17 14 17 6 18 11 8 17 5 13 9 17 6 8 
52:  7 10 15 7 12 5 6 9 19 16 7 14 8 14 7 9 9 8 15 5 
53:  8 8 9 7 9 4 4 16 10 19 9 8 16 5 15 5 15 14 6 8 
54:  17 13 8 10 15 7 7 9 3 6 8 7 10 6 7 8 14 6 11 16 
55:  5 8 6 7 6 20 7 2 12 7 7 13 7 18 11 7 7 4 8 8 
